$ANSIBLE_VAULT;1.1;AES256
37396465623861386164363332383737303132393435656634633862373532616162373863633739
3435376363356433636666653961663435323130376533340a373864613032393063363330373264
34646465616364663532343765306565663038613239383362333866376638636163616266306332
3664396530316539380a353937656365393433653336326562663865363862613339623433666631
63303133633139346562316564316663396333373432653566326665306166653766396436623161
65333864373231323336343231336362393937306164366330326535353363323233326262653462
65356639633066653332613236373661356131376336656662303966343963336161313839393930
62343332373039333930353364363437306563316339656433633636643161643232633235373239
34373938386133633639326561316636346232333165336365363835383364636338313435383865
36396430353739393061396665383332376166366630646339663537383365626138386433363537
36376132653533643865623036353065616630376139383030356231643035303437313565346530
65316235666130353261333330326235623663636666666366626539393238646630356635303564
38343861336631656364363233633064323436373537316465353964663839636534643766656565
31313336313565653138373661626266373835633630396466333666313236373236383434613038
36346161326139383931356663383935393866346635376665656433663539346361613362323963
30353931383832623461346133353637653737313164353136393036643964636466343536633065
33366436396662316464343065326465376339376634376562393461336366623735633264623832
33646661643030383265306637386538613431376630366536396530326239336261313961616132
64363734643637633362303732363036306662373931626431633137663163343534373634613330
36323432396238363134616566326562396638303039363237616237353362656632336130343833
65303239383265373232613764346131353161646238613766346136366362613034323565393764
39353563643335363037393531333166366365343466356533613437386361376135626232343935
66363730373135653365396365346232393964626238386464326137366331653366623537323466
63636366393566323764383930343734663331613732393765636362383631633434663139323936
39633164313463396136303736376161623465326333353664393830626362373131653435373961
34626336646133653931303361373536356162646363613637303830393238663031633037313039
37383630316439356331383230363361653332396535623737376531613333313934626665333037
32663134363161326333396466336365366465623136343239313865333839633863353936646537
39373739633963306638303432636661653739323666376339323164623161336438336331666630
37653831363034363235346538376165373861653636653738643365323362623961656662303866
63633334636536393663323634623835666133663061343435366430366135313563323861313033
66666433326465663764623466613165633961326332393366643431343836353335613237333232
38613635313337303030313231623731326635373565323031633538613165343430613361393935
35646332663233356339383363633831396335643039643133366466336237613738363134663162
35393233313961653666633662613833373231333634633331396161353562396532666635636436
33373433326334643062366263623632633961333465316338356136663439643530373735363463
31313266623534643432373332306531353661376535613433306439306532323731613364643730
38643063363937656639376438306230386461636130373339316433616438396437333633663334
63623861663963373930366664613637323935313539333365666462656466313265333866633335
35613362646131656436346662656235626332336433316231653336356166383536623564613536
31313363333039656334613837356633366436333238336334323231336466353839663733666436
65626135383238633337376438346165326334333764353835646535303535396164613962353137
37386238333061363432383965343635316235363266636439336534363233383562653430386565
39303032666362626631333466393739373633386237663739363239393766333366343563633234
61383139323065646262306539663834633935373333333061623165613533663035373962333033
62613931396135663536653430336335643162613435363631363864386132313866643863313838
33393839663962613133663039623435636435333536663030333434633665396130316238376565
32363366656132613362363737613634343236386231303561386639366536396538663633306561
65373334366632393039306536306138323734623631613164646537393232653961643739366561
62653139613038336330643035303464626133313834666563663062313861336439663430366638
37386237613136343562303962353061646461336531333532626266313732343433353537353233
30366164333838313063633065353338316332353362643730616432636537623731663237323234
65363136653639333236343735613464303332336639633736613361323264653566623662313138
62646437336138626261623465666664336564366661653639333437323461643438326361613133
63633165633934636661303030373364356632346337316435646437623734656664346162353237
37646538656166306435393132373061643137623463643165333338613930306531356336343835
39633238626465653765336536383664616663373963643866656432323666346334343839383939
30353436623736333130323235643066633538313863343262623733623534393331303561643961
62363337363865646233636436316630623130613631656266323438663130666133366235636364
30363133653462323033626266656438303838623233626336653032363462323439386563313664
61663861393666306239363865366436356235363564353564373534633831656565363966343461
38333332636636396563343835383635336639383466613862363661356663336630313536626566
66386535653436626331663933303030393730663165303230346666636566383164333664663737
66313463376130353339306234316131643866353032303038616135623733656466356634303465
38373238653361393037656565356264646565303331646330613837656136323261383564646130
64623033376566356632393063373535613163373035386265613566366430393531623535393862
39343530313636663037646236306561316562313734306130353635366331343766363433623030
31663062343031393964323931363535646333346661633734623333323761356430343335363635
38646666623133343064613932636363623962353461396161616236373331623739653338386531
64656639383064633662306461653763643835663532323161633430326464646336356538336233
36373130336335303564333766626163303534653332623565656137376135616263313834326665
61386235383630316366323161303338646130386234636563386330643361666361373438633066
62643830323330616263323363366433303733633837643139323035633766373537333164303263
34613731376164663632336261636366613530323430316438393932336331363532643166663361
65643633346336313761386362336236333235323662383062323233313765633132373338353362
61346639333839323335373830313733653932643436646665653463613632393332313163653437
36636233336333336365643933303865343961386530373235373935626563363036653062373334
37663962353439376137373637643162313165376166376537663239613766323533636532383733
38323130303136376262646466666362653033303134613137353366346138393239376234366230
35343834356261343332313336383130373833623063326465613935386330646135633264666362
62643531373030373030656436653764613838313664643639616162376363623863353730343339
31626362323065666132383562393930323133663063626332303538316437376133653338363038
66313364623965323438323865616162306439343130636164363037333636646333633666306132
38383465303262396164633134323136373464633335366266656663373531626131616663383732
36386533616238366439666263303762373539333230313665366437373431636233616131366532
32303365313839653564646430323230613965616431333932633262373832636431316534393334
65646239623131653434626434376337376535343263363637393035613339656564363133663362
39323038343262626634303164346137643330376537366562326463303939323239643962376135
61623231383339366335333263643436303830636232336637383830616666396434623166373163
33643935373763336133643138633037386339633134306332376161303733303866326437326334
37653138393030643831623131323937623034373734313061353531346132653333343730623839
33393165633732313530666131383938616362306238396333656334666538663431346466353630
32306662376538333666363737346132643166353963363761336437323162383735633939646635
31663336323234383062363435643361343161633135323535663762646138633164366132373638
33386363393664343961383436613866356163333736343466386362623062363762323532393033
64623261643935313333366262336361343262343765323333643631343938313236356532366639
35613261326134623961653338663439386663366530666362376335623736353261353039326661
62623436363338353936306136386461653465633738316131653735613066376566306630363734
35623333313031613963356561653133333762373166346236306436333861653963336233663635
33343866373338396139653561366339333963343665316234306438313338656261366234653439
30306330626433383634663334643763616438393762303630633031363837373961643939393839
33653564643436333333313334326436633238393334653131363130353264663964643166626237
33633339383263323263353533346534393961626432626539313530333361653765336638323964
34306565396364386463626466353465623165333864306565323238613732316233343838333466
30353430303931396366336161643234373335303237313230646566346166393938646531343865
30353833393434353339363363303363656130333733616136383562343964633139633431326236
61363438346534373437323664613030613863646366353163353037396131353063363862656232
38313836323265623034623935376133333739343733386234306237323931353036346539633936
63656134323930633865393664633431336236313234313434666664303061373333353138383563
37643366356538376462336563373338616337323630633162346331636531663862656465363935
65356230316536616432366461383931616364653631373532336538643933343264653465366533
34643064376165366237663266633835376234346438653664303161326563643264356634666434
31653930643838616262663266626332303565316230363738663737323565343664653133653835
31373265383564643531353630616236343934393935363739343832373062313436356439616133
31366161386535643439663838353065326434626662356436376630313861366562666664626364
65323864303961326264323330323964626562326631323963353164656461383163373336643834
63373032313933326132656439326436343135646433613038343137356563623134343662616534
38373034323937306561396365306338306637373662373864623735313536303963623639323263
38666362356166356664366438656466653561356539646363343365393961366561623533393764
31653266653436656434316135373734623039306339633439373064646238393662393537633539
61653030376263373633363536393637333630383364613765336537326164303063646639366633
30303839336364613934353363303337623830326530623232653262306563643230336439616162
30643835393662653262323464613763326531306561383833333161326666366264393638366261
31366335306138343161386565636637373733653431343965373536396437646539666436383737
38333234666565636331363238636235353839663130336437346636313832656265653464623332
35646561613065623639313366313166633532613066626334343062346565386561356239326134
33346135633838333361323964643164316630316535646135633831616464636635393337356462
38633738633230376330373933646565373336373738383537316434336162323835383333346634
36333839393365343632613036633335353164343931356364363565353733623938656636396637
35333739303030303633343733383331653630353239623039356533326562353634613862323363
35373634663965306137663934326333386266626536373132373233616634373561366539353033
64623034353565383863386334366463663764386433313737623962636331306466353332363236
62356564356439346561313361363036613665376436646635663865643139616366663137353962
34376530323134303930363964313666303861396665623235366333323363633331303339643632
64326133333731623861353033333333653235663561383135366432313530363364353466303463
32623263343463333664623530636665303538656335303161646334386264316664353735663131
34366462383237343434613238353531396237333030663938663766343130363430383464313330
32613863313930613134353363343766663538376233396337316434303730313739303435323838
66356666643534393435643765623339336237613036386433333432303730303962386264336161
32313137336337323563666466653066343032366165346334633663613362396662653537373736
63613038653563303663303465346531383263666336353036393337616630336666396262396133
64373936646239366139363437633766306662633237626139643164313862323733356432363335
32663666346261333531366336313639663764346566613664383938653763326662323164616134
33616265353732396539376439633737336665333536363061653266303231613331383762346462
62623136303931633936333033396634376536643435363563343935656631396565373632656239
34373466643635616464353839653930636130396164353964613665353132633662326163313836
30306139316133666363326133373331393364316462373339643334653765636235643133633634
65393537646533633833623966623636323163646530383738393130623830663465656339346235
62633633356563623466316266623562656234393034646635383737303736616439373465313137
36333039663438373864376335616131616438623733306237626163376466613339626639396132
33373362633034313965353466613232616439303363353230333935646634313832393064373062
62636462633036646264383562393838616661323438663936663039653130303433666136376638
30393166623365313130653032663163626333393936343134393065353666663538326435356662
36383431323561646466633062393233653765376635363864653166356238623464373363386133
37396639663834333130333065616433633938626164663566396130363939646234643830343039
31333337613932303665346463346566316631393338313532306266653637636463303035623062
30366531663235393638643134303132643434633565386433363866366131343534326436373466
36376432656438653936666132313933336666643635343036393564393931613833643030636136
35373464653965653961336362363132343865353737636431616234393661396533646162326462
38343233663861633536663866303663356532306162383635646465646162333365613435626538
32353133373432313334626231393036653730323334616530343263646135636263643362656164
33396630336463306531366163333462316366323830613431333838306438366137363837383231
33333432336430386431323530383231303637396161373632313264366236336130303664363765
34643432646637383730666361376533653931313264363766313237303833366564393330346639
32613661366437656665323962353131323031366665633561346439363465323538643235626263
3135346365356632386233343336633737396362353535376461
