$ANSIBLE_VAULT;1.1;AES256
39313430323130326138313638393434373634623134343962393166393636623837663137666338
3433393261343964393066353433653364613532383664370a316262626134643037326232373332
35356531346531643866326336363862343733323161666339346133313530633061343466383637
3733313832333738370a386232306439393665383935356161333865333562316137343963656632
65356132313234646663323537323237373062323965663930643334316163316135376632643433
64633334373831376436623430613761326461386536303264316436393865353962646537333636
33313234616437363961363564613139313761653732353532663532366631613438393362633866
62643536323466363333643462333735363332623764316534333832613633656336323733623765
61616333316536303133366431646461343564373738653138303036613864356566373862666432
63393732373432373665663735636464373631306531653732353839333033336330396566636134
31613361643339363863333134386363326538666333313533323063383637376639663837613061
64623133656333346630666239346266333930623061633035613162376537333064613534623639
65306262636532336162326536366264633837643263323363313265653337653462613732343364
64343535363966353365616564306634366666373036363832373465643739373465303034353263
30396231653562383338663566663533316433363331323538666134663335396431333762656334
31653636633135373939663461656232313637363664303539326530613739336262623039666464
38306131656532373439363563363936666336643764613138643265366332336234646235656564
38343465363963373861623966373666653039343235356631663636623334623532313837393963
62363639653038313838653536373166623935396165386362346130623365393863386163316238
32353434386438616433306538353632656465666339353662326261666561306264353264663139
63323766326163633366616436383433393263313537616435663536636635333238303162356366
37376562373437663462353439376463373530326161343136306134336134323537353238353362
39636636316463396361366138656361396463646262373566326461623735366633376634376238
62656133383636363633386132653136373231656435646535633563663662343730666633633533
34613064636565663335343563353139393833323563626465643765623334383532343365343064
30663434333630323930656361623865353737373136326431653831383235363063393531336166
38313432393664356139623435343734383463306435313733646163313136323830373735636438
35373536643262346136316636306136383163366631323737643364636231633163636263373339
66653366343166616462623239663963343964386631626265343339376463333939646463626331
39303663353831643932663339666237316434623162303961636463383935396638336239643837
39373334326231373331346339303966306533346263613466333935366665656138333635663634
63633033303139633532623534303636363436383865613234616562383164313635313334353262
34356139643334323136633739323837343866393565346339613531333866656637663134626132
64643530306239633932633462613866336535343163393262333134373837643261636462316234
31313435363565616237343533356565646639623736326565396665646339623432663432323766
31393062623762356137383237636537333264393864663637626431303039623930623433643663
65653064653464653665333630383436636432653864383866353333343038633931383934396334
30373130313061613866643032396538633964346662353539633936303962386130653263623563
64326561623434383565626131373231663137613835336261396638633236613665366532356531
38306464356136633563306465646339366162656537663663333637623039366230343662633630
39356232636238363265323230636536343633393232343635366230366263326462616433306330
30633333346333323066313635326562613961636234306332353761656632653362383339333233
64666334643831643937633037313163303666393462326537663035386330623131633736343864
37306264653438353530353463663165373732393637616231633932313633373034366661303437
37323066643062383131643365383662633766393432663065613135366238373434386163666432
62343062633534386231323161653833613561333963343832666636666466653363356465623565
64356139313738646261396435373136326337386234316335613530353934343237613331663230
30616434306262626536313465316135306166343737366331653963316163386533313161656639
63663639636435393334623237623331613430613136366363626633663566323134666533333964
34653334656666343235343830656637646131613861626164336133336464636662333231346337
64626634656131353932623865383365363066346164333630316431616630393337383734366238
32656432396332396632376236336231643633616262313663613432303164643234336233373838
38323839323738623538643731396338313366373931373466373739633436396133343537653363
39653964393266333631646230613064353663326361313665373137363634376131353262313233
32353030623832303434393366663337393639353565626536326561396437303866313934303038
66376133633264653361336435613731356239636238386465646632613030316464393638636331
66326133643366313066626364346366306333386338353562313239653165383832616535393563
64333433626464353661663533373163373833313963353066376163326331643530643131396166
39656334383666633166646438343738616634333031373334306537333332376330646566633463
39333334386637613061663035393666303036373437316263613532623162653936366334623735
35333635356230313366636130663733613961316438366330663665356631323166626636633536
38643731306139643230303539336436643262666435363634643934386262626461313733383537
34333930303565376364303063386337623532313436353562303436333034663633356566356632
66343432336630363037366231643936343965616661653331396161343066366464343532636434
34316666626466346534626638326262316336353434643537373439643035613133663034613539
31633163356531336134613166613063386264376166336533663037336165323639616137616433
35386630313039326335646331653034633666386135303462343465393437356638356430323862
64663066336631616635383134656563386537613235336337353232613461376131623235373739
37633134366464316435393431333237666432376434653239636635326262323231626238653436
30333831326535643235613133313230313437303033343734636162313630346239636337353030
37643864376264303336666537353537316464303263333333333961633266373535313664633631
39663666353564346439353161636231393437323534646532613132616336396339633233626562
39316538343462616330303064343630366535333063666666376463663262306337656562373161
66323030646533336234663936616237333066303065333661363737363931636664313635373633
35333038353264396464646234333063373466383566393035333963666132316664396561646237
37333531613631356332633266386565346333643563313164633339306438396365623238336462
36613161343262633030316361393961306233346364306565663735643165663630653535363434
61643065363438373961323336666635336663393766643639656339353762376337363964356438
36316534373663633933343364396238313630316634316336353464393932616338316633666432
61343135373239393733653230346266646333333237633837373236313232376464626663613932
64636662616166393331353436386565323733666538643038613063623966353732383961616166
66323066623362303935373166623530616631363262343263373330366266653234363330393730
64646161356237633262363839656430643163653138646531383936323131333466336237333565
32663564353962396665643137616661336331343530336434356535323535383561346165386664
66336261356539333138303831623638653231393435373335653339653864346132623738303465
65396437633534383230623763656235306632653234633137386435336332343666343839363861
66336337623061383931616164646261666165316131313530353265616636346266333237373366
37363166316161653466
