$ANSIBLE_VAULT;1.1;AES256
61313530636137366138323938663834663236646562343236396261343361613439346334663762
3630616265313231613862376230643662653061353766340a616233363538626538653963363835
66633139386239396366636230326461643630353937353835373038643062656361623734303337
3033623961626435310a383037303039663266646633643039653736616636613034353835643233
66666335333562346532346665383764313132623036336439313534623866663461346261373431
64663538313666373738623134343261326538366163313362336332383339313761313466323862
35356632323935393563353766383031663339653565323730653164646532646536613264336432
37333630356137383763663366666666313936323439313566636365636235323438373136656537
32336165653364396539353935633834373239636165346337653533633231663665623265336438
62336530323465353931343632393366303432313033613236326235626261343963353662353965
36333564633361653730313561346137313834316261623335313738666633363635346535303634
35643739303763386563323530393836366231316564656132663632656564306339613764653437
36323035306163386563383964343835376235376562356665343864656537356363393430346135
62653532666464343339373839626132346564626562646633323831613734623562636431633963
37643933396264383232303634393636666531633531653562363566376633303634366566306238
36613134613466316537323465396435373865313733366364383161643437306265353233383662
38356562633865316337393264396564316262356439663230366536633663623764623138626333
38653465393932353238633538363538666465366330366136323034356234393366336439383036
38376565636466333731393863323335663436643264663264363039613130353337626233633833
30623332633937663766373234666437326131326232366365626433626534383037336137623338
66313566643639373133393838303235356666353734373931633938386233333464356661373436
37353234636266613865323932663264663135623530346364383830326539386363626639653663
65613432346635393239653662636139316530623530386361393933656631376130336163633166
62386466356563646533633030633032666535623864333033333161356339393738663830643163
62313761616130346337613034633461386235636437666231393939373236613738643666633061
32646365316663666135393532653361653732666233323232393438633863393061323439373863
34323836653532623531636534383131306665613162653566623231613166623732383333643166
66366463633339336634333366396230633365633061373938343034653833356239393932316363
64333630643764323432633237616566613863393535626262356434333464303261643432326238
33343637663834366330613131623430346461313635396538393431613064623734386435393939
64663639313335353232363163393566666533613334373538383437313264343431376261353665
34366636363131363965313166373437333166393763613861663336343537376331303238633932
64646231633163666165316534333030633564323335326433303737656531646163363035306232
39386461623737316230653234336465616362353132643539306566626231303133656433626234
38646561373332396164386630336266396166343636653434393534623463306262613463326232
38623364616433333364363062353734343166663239643936346132613861336232356632343665
31366135313966373737303061626261376433646530376563356632386531663039396663383038
39336330613136353961333438383639653563643338653838346166633735326438306463663030
39376532323933623033343966353231386330643836343065326438306263666632326139643038
32303938306162613136656537613163613064656438313934613530323635623830636366633763
63386362383837313035613662383262656537383639366335656163323039636239623562613862
62303035333162363034383965626361326131353835346162313731663231306130616339666266
31393438383236636239326133393633383332643039326438396166376138663365663732326538
65316662323836383135393236623439656236363163353131363165383665666538366537386638
32653337633330333362396262313166313731326637333764613736393061343363653230333432
33333236373863376638623162323035373066316562353035363238383235396665343835623165
35343566323032643936303131626464613261306134306139653535343837643963393863356636
64623066636463666361646466396130323936353038343233356331363963623339636663303132
36396361316232323765366633653364393231613366336636313261333131616538383534636139
64336562306639396266643835313431303837373238643334643861306331363464303339643363
32666664353063623037393366363863303835663564346564623562326362306162616139336138
62623438396461313831643934643466323132656335383334333739663531336666626335653833
61656138396661323863633262343239366430306664646332653634656531653562396439336633
30356662393332663735396131363430396237613464636231393661363234663431306233643636
32643265626333353932333064656238623733656563343432356664613564613239346235386563
38643162363839663738613561663631633731323830346266303563353032343461653063323232
38613631313864653738633939383065366564663832613436626164383239663737393036373636
62336566313432656636633264336135396266303663663864323531396532336566366137303933
65383065383263633264356462656461356630356236326661346237363431363235396335373033
32623066653535323430343234306134383161376134396332303039633431346565653063316232
36326637363032356663353465613639663633656361656536636665386639333935323337376361
61306139623461666135656136643365646631646337383063346565343136656263316362333834
62663638323464353036663636633037336563353732393333393931653837643261356336663831
62656234343531383036346332366265333065643235306362316263396135666664303964333739
63346637303234623836663465376339306163363339333639323638613163323065336635356338
38656464313866626337656566366365613764343132353331626264643731666561633933356634
30333338356464616438636461653738623837383061643232373036313037383264323230366366
32333762373162343234383362333030303736636231373837363734353262366339363865626430
34316233326637333530346134663838383235383838363039646565356464346536306431643134
39373837353532356233633232663363353666333239646333636630636637326265303263636362
31323736386137616561373431336363343436333137626438363465383138323062303837353262
32353232353638643962336363396233623266613566363964366637346230636263333639306665
33326137303730643561646361343734306538396564373761343061653338376631303338643333
61353265646265643436376565393664313135663031656631323231376135323336613564666232
33323330616532333439336336313363336232386332336232396630636338333366643839326166
30373038363139313938363365666163623634313039333163366136353861393137666466333437
65346331633763396164336230626163353335636162396663623563393232303135393361666661
38366230363262616439613331366161386530303231613738626138633334653834643865313661
64336431333334346530333633316232326565323065383432646262323733366535393366633564
62386237663431306265363030316538306239366162373734346238323163653666613931623037
30303332373263626664613830393261376465386331376339373139623537396436353330333730
37643532633265633466633865383037323764333037396232636566396533623939393766666464
65623539336164363436616364613363383330373232356461303864623132366439653861306634
30383466363130343165333132386362393634326561313431613861663437393566313932353132
64386434656634616238313337663833646561333234363062346632656666376264653261656634
62343236303238653539346432613931373539366632323833376463626339316530633836353538
34306565313838656365653730653437303833643232376131653362396163366133636565376537
31303062383261626361616237643837336633616366613862373661396433343533643265643133
39396330303937373934373333633163356264633664353534363439643365373339633361326463
37653966303065353061653837333863386633396235386165316430373866653935623663376264
39613966313133326237653332616330356634626133623034383961303234326462393661376463
39626664636138353162363765376461616166626633356234353639633961336565656334303139
62643634666638366233636265383138653065663266343630623932393536326564373461656531
31616636393466326665343639653264313832656563636365313137633164623932373662313733
31353061333137336233373365366135363834363664366438633236363334633130616336316462
63396266353331663530653337356562313064653431316461656138663564383838363739336131
32353239623135623664663864383532613436666363343432363433383032323362383332396365
33306538353461626136333939383735396639666461383261363836383439353033616130306338
34313266653162333036313530623932303731666137393361616530626330353466386166626634
38653463313034643732393637353961373235356566636261333236373866646262623463303637
61326566393334316638343938346431383639393362303062373630386534333332666239646363
38623864363562656539356461373734376262363733366630663034306436346538353765633934
36386336343933636434663230653138643939613661363239396564616363616233626535313539
35363365373038363539393966323238346537353934646438316133623161333130336339613866
64316266396630356563616565333565353463623438656235333337326165353465393661383564
63633830343839323635616563376538633766633964323063356166663633656231646663366533
30343439353032323232323538353237633833373232373837396639363934616531316537663664
36626333346635653138613063343238316462393637646262376538333238613863386165306635
37313834613165333839396365303935333763313839623736646561333838363364356230333465
39653736353864353166346331653739316134313766343261346531343865303061666364373037
61653030343731373662316666383763623139303037303938653461623931336466656133656162
39323039303938353866643330653939333339333363333930363936303230386263656635353037
31306638633164653130346438323139376337633430356362646462336566313737316561306131
66643135313839643963316431336637353730336430313735663532383861343634373864646365
65656464623339633838313561303163343131383132306138643437323566313433633331626339
38316561633863616138633264356263353238316265313432633366393039666534353936303330
61303038313933613964336632303563626236343435333932386334613237656562383565646431
65343632643561626137306463653133616332303934323132616235663261306362396163376565
32623163306531626634643538303836323634353631333233653032626262393534366134376431
31666238383164343535366364646536396566366539613531626534363936303734346165653866
65623566643735653034336631376431616236623138363739383361663231663631313963356331
35326636303636623466613066323032653262346230666662326633396230636137313231646232
63613462633666306366373366653135613365356231626132333836643565326365646431643131
35353930313032376663303833336632656439646236643538666162653432363039646131613038
63323062303135643638376439393831313465393134623936663838353634343630633531366165
38363034383066313038383362313431643934376531346534326663346236316163333561646566
38623162373430333965323661623062303738613434346466306364366438356361663136316636
30653064373534346130303662356537613037656434326538313862393165366663643961636138
37373039636263656263626666646164323566326136346135646464646436393662396664343764
64396230613061363630303737376430346637353665653361646439333334656434616337323638
33333032613336616561383463313530383936346665393235333132336330663635626530613163
64663264613935633838396134396133303436326335356236343136363031386431303630633863
65373533616163663164353762616563336336336430666637353830643938666237333365666464
30363936333062643736393730653461636435396135386534623563633137633466393035326135
35366635356635616237333234613063383939666637643532393865633362336236393063303866
61373337386139313131336434633932623732393639353230626662356565633763643337306162
38366430393034333161626331313330616634633337393335363836336262646439636430666138
34613533383739636530396531353431313531656465303039343137363033343634363139393639
30633261633538336361623039346263366461636334316561663933363930393330633566613133
63393765633835643764643265643634313161356166313331356230343465303737393438376361
37353635303365346636663037353732623633383766363734636539363537326161393730346262
33663666663231323932646363363766366661363438323536393336643964386537633738346530
36353864393334393935303532356661363530663732303465343766333237646130643034613339
35343762353761313466336565333532393366333565303335366232353236656538613338626163
38366136303336353438336264346161376233326163396633353630363639333130376335323733
38323036623432353236343337646261383936343866373330343663323162623534383864663038
34386636346361393637356538383162626133366136653939646434396538353263623264323861
32313661646461653361386439613131633133623266396337353236393535616634396664396262
37633636623664346336653230613164353934306534366662646566333038333432386438313361
65336566333064333336313334666338396639373334393439336266333436396462656531626337
32386164643063313535353566373433306539623564613738366366653433383439626332633063
66666465626465373961623665656136383933633664306234646238336331323439313532363561
61616537306235386666626430303735323139313235643038653039303765306239306332333661
35393133303166353635646533623436623939356131663465616466623265623137303461616430
61636634623162326237633534313662373164613163633335623066636631323063386661666266
61666332333837393731613735363537646234393137363461323833653164336331333163303337
66303762396237313133393330643162386437643165316139613631653032363865323639373639
62653831323965393934383438386165373063356336346466313262303731373435373766336436
35333762663135666366333732616233636463343564366135623665326532663861633739346437
63653339326632663762613436636161383635623434393464303136633934336436326439383066
37333031346565663437346438653566376364666666336238333236386333653935626535343565
64303665623264633932373165323464363833616632343533333632353739373762326230333233
32316134663364353038663537623038353965383433626235373563666237393565616664346439
33646162313961393261616663396634643031623033613264343334333433306531353665613031
32663339373336656263313462663434306264343937646363613063373563313962643738393362
3563316535363630363437316435323062393434303931613464
